1 1 1 1 1 1 1 1 1 1 1 1 1 1 1 1 1 1 1 1 1 1 1 1 1 1 1 1 1 1 1 1 1 1 1 1 1 1 1 1 1 1 1 1 1 1 1 1 1 1 1 1 1 1 1 1 1 1 1 1 1 1 1 1 1 1 1 1 1 1 1 1 1 1 1 1 1 1 1 1 1 1 1 1 1 1 1 1 1 1 1
2 2 2 2 2 2 2 2 2 2 2 2 2 2 2 2 2 2 2 2 2 2 2 2 2 2 2 2 2 2 2 2 2 2 2 2 2 2 2 2 2 2 2 2 2 2 2 2 2 2 2 2 2 2 2 2 2 2 2 2 2 2 2 2 2 2 2 2 2 2 2 2 2 2 2 2 2 2 2 2 2 2 2 2 2 2 2 2 2 2 2
2 14 2 2 2 2 2 2 2 2 2 2 2 2 2 2 2 2 2 2 2 2 2 2 2 2 2 2 2 2 2 2 2 2 2 2 2 2 2 2 2 2 2 2 2 2 2 2 2 2 2 2 2 2 2 2 2 2 2 2 2 2 2 2 2 2 2 2 2 2 2 2 2 2 2 2 2 2 2 2 2 2 2 2 2 2 2 2 2 2 2
2500 27 2 2 2 2 2 2 24294 6061 2 2 2 2 2 2 2 12331 6364 2 2 2 2 2 2 2 2 3543 6061 2 2 2 2 2 61108 2 2 2 2 2 2 2500 2 2 2 2 2 44695 11231 2 2 2 2 20435 2 2 3543 2 2 2 2 2 2 2 2 2 2 2 2 2 2 2 2 2 15142 2 20552 2 16470 6364 2 2 2 2 2 6364 2 2 2 3543 2
2500 14 1156 2 3543 2 2 164 263 6061 2 2 155 2 2 2 2 12331 6364 2 18771 2 2 2 2 2 2 3543 6061 3312 2 7931 2 2 61108 2800 2 2 2 2 2 2500 2 2 2 2 18771 14 11231 2 2 2 3543 20435 2 14 3543 18771 9900 2 14 22715 2 2 2 2 2 16470 2800 3543 2 2 2 2 15142 2 14 57316 14 6364 2 2 2 2 2 6364 5816 2 28935 3543 2
2500 14 1156 2 3543 26129 2 164 263 14 2 2 263 14 2 2 2 12331 6364 2 14 2 2 2 2 14 2 3543 114 3312 2 114 63955 2 218 2800 2 2 2 2 2 2500 2 2 2 27668 114 14 11231 2 2 2 3543 14 2 6364 3543 18771 18464 2 6061 52794 16972 2 2 2 2 14 2800 3543 2 2 14 2 15142 2 161 2 14 114 2 2 2 2 2 6364 114 2 28935 3543 2
2500 14 1156 2 3543 20844 2 164 263 14 2 2 263 6364 2 2 2 6561 114 29337 3543 2 2 2 2 164 2 3543 114 3312 2 6364 7508 2 218 2800 2 2 2 2 2 114 2 2 2 45300 218 14 11231 2 2 2 3543 14 2 6364 3543 114 14 2 6061 52794 164 2 2 2 2 14 114 3543 2 2 6364 2 15142 2 14 2 14 29 2 2 2 2 2 14 114 2 28935 3543 2
17559 14 1735 2 3543 20844 2 164 263 14 2 2 263 6364 2 2 54452 6364 114 29337 3543 16026 2 2 2 164 2 3543 114 3312 2 6364 7508 2 6364 14 2 2 2 2 2 114 61187 2 2 6061 218 14 11231 2 2 2 3543 14 2 6364 14 114 51847 2 6061 29 164 2 2 2 2 14 114 3543 2 2 6364 2 14 2 14 2 14 218 2 2 2 2 2 30 6364 2 28935 3543 2
17559 14 893 2 3543 20844 2 164 263 14 2 2 6364 6364 2 2 218 6561 114 2490 3543 17971 60254 2 2 164 2 14 114 3312 2 114 7508 2 6364 14 2 2 2 2 2 114 1354 2 2 6061 218 14 57770 2 2 18976 3747 14 2 6364 60576 161 22791 2 114 38390 164 2 2 2 55581 14 114 3543 33921 2 6364 2 6061 2 14 2 14 29 2 2 2 2 2 30 114 2 28935 6512 2
17559 14 893 2 9975 20844 2 164 6364 14 2 2 6364 6364 2 2 218 6561 114 2490 14 17971 2 2 2 164 2 14 114 3312 2 114 7508 2 6364 14 2 2 2 2 2 114 1354 2 2 6061 114 14 43440 2 2 18976 3747 14 2 6364 2872 161 51847 2 114 11936 164 2 2 2 55581 14 114 11936 33921 2 6364 2 6061 2 14 2 14 10323 2 2 2 2 2 3543 114 2 28935 3543 2
17559 14 893 2 6061 20844 2 164 6364 14 2 2 6364 6364 2 2 218 6561 114 2490 14 114 2 2 2 164 2 14 114 3312 2 114 7508 2 14 14 2 2 2 2 2 114 14 2 2 6061 114 14 50076 2 2 18976 3747 14 2 6364 2872 161 51847 2 114 11936 164 2 29337 2 55581 14 114 3543 33921 2 6364 2 6061 2 14 2 14 29 2 2 2 2 2 3543 114 2 28935 14 2
14 14 893 2 2411 14 2 164 6364 14 2 2 6364 6364 2 2 218 6561 114 2490 14 1101 2 2 2 164 2 14 114 3312 2 114 7508 2 10323 14 2 2 2 2 2 14 14 2 2 14 114 14 50076 2 2 18976 3747 14 2 6364 23767 161 51847 2 114 11936 2490 2 29337 2 55581 14 114 62341 33921 2 6364 2 6061 2 14 2 14 6364 2 2 2 2 2 3543 114 2 1207 6512 2
14 14 893 2 2411 1168 2 1168 6364 14 2 2 6364 6364 2 2 14 6561 114 2490 14 1101 2 2 2 22 2 14 114 3312 2 114 7508 2 10323 14 2 2 2 2 2 14 14 2 2 14 114 14 50076 2 2 114 3747 14 2 6364 23767 161 51847 2 14 11936 114 2 29337 2 11013 14 114 6364 33921 2 6364 2 6061 2 14 2 14 6364 2 2 2 2 2 3543 114 2 1207 3543 2
14 14 893 2 2411 1168 2 1168 14 14 2 2 6364 6364 2 2 194 6561 114 2490 14 1101 2 2 2 14 2 14 114 3312 2 114 7508 2 10323 14 2 2 2 2 2 14 14 2 2 14 114 14 57770 2 2 161 3747 14 2 6364 23767 7508 51847 2 114 11936 114 2 114 2 11013 14 114 6364 114 2 14 2 29337 2 14 2 14 6364 2 2 2 2 2 3543 114 2 1207 6512 2
30 14 893 2 2411 457 2 1168 14 14 2 2 6364 6364 2 2 194 6561 114 2490 14 1101 2 2 2 14 2 10505 114 3312 2 114 7508 2 10323 14 2 2 2 2 2 14 14 2 2 14 114 14 50076 2 2 161 194 14 2 6364 23767 14 51847 28065 114 11936 114 2 29337 2 11013 14 114 6364 114 2 14 2 14 2 14 2 14 6364 2 2 2 2 2 3543 114 2 1207 14 2
30 14 893 2 2411 1168 2 1168 5289 14 2 2 14 6364 2 2 194 6561 114 2490 14 1101 2 2 2 14 2 10505 114 3312 2 114 7508 3016 14 14 2 2 2 2 19617 14 14 2 2 14 114 14 57770 2 2 161 194 14 2 6364 23767 14 51847 13289 114 11936 114 33592 114 59994 1354 14 114 14 114 2 14 2 14 2 14 2 14 30 2201 2 2 10323 2 194 114 2 1207 14 11713
14 14 2872 2 2411 1168 2 1168 3543 14 2 2 34500 6364 2 2 161 1713 114 2490 14 1101 2 2 2 14 2 10505 114 1887 2 114 7508 3016 14 14 2 2 2 2 4497 14 14 2 2 14 114 14 57770 2 2 161 14 14 2 6364 60576 14 51847 13289 114 11936 114 2872 114 14 1354 14 114 6364 7931 2 14 2 14 2 14 2 14 30 2201 2 2 10323 2 194 114 2 1207 14 11713
14 14 4656 2 2411 1780 2 1168 3543 14 2 2 14 6364 2 2 161 1713 114 2490 14 1101 2 2 2 14 2 14 114 9653 2 114 14 3016 3268 14 2 2 2 2 4497 14 14 2 2 14 114 161 57770 2 2 161 194 14 2 14 2872 114 51847 13289 114 6512 114 2872 114 14 1354 14 114 6364 114 2 14 2 14 2 14 2 14 30 2201 2 2 10323 2 194 114 2 1207 14 11713
14 14 4656 2 2411 1780 2 1168 3543 14 2 2 14 6364 2 2 161 1713 114 2490 14 1101 2 2 2 14 2 10505 114 9653 2 114 14 3016 14 14 2 2 2 2 4497 14 14 2 2 14 114 14 50076 2 2 161 194 14 2 44 2872 114 51847 13289 114 6512 114 2872 114 14 1354 14 114 6364 114 2 14 2 14 2 14 2 14 6364 2201 2 2 10323 2 194 114 2 1207 14 11713
14 14 4656 2 14 1780 2 1168 3543 14 2 2 14 6364 2 2 161 1713 114 2490 14 1101 2 2 2 14 2 10505 114 9653 2 114 14 3016 14 14 2 2 2 2 4497 14 14 2 2 14 114 14 57770 2 2 161 194 14 2 44 2872 114 51847 13289 114 6512 14 2872 114 14 1354 14 114 6364 7931 2 14 2 14 2 14 2 14 6364 2201 2 2 10323 2 194 114 2 1207 14 11713
14 14 4656 2 6364 1780 2 1168 3543 14 2 2 14 6364 2 2 14 1713 114 2490 14 1101 2 2 2 14 2 10505 114 9653 2 114 646 3016 7010 14 2 2 2 2 4497 14 14 2 2 14 114 14 57770 2 2 161 194 14 2 44 2872 114 51847 13289 114 6512 14 2872 114 3181 1354 14 114 6364 114 2 14 2 14 2 14 2 14 6364 2201 2 2 10323 2 194 114 2 1207 6512 11713
20451 14 4656 2 2411 1780 2 3543 3543 14 2 2 27073 6364 2 2 14 1713 114 2490 14 1101 2 2 2 14 2 10505 114 9653 2 114 646 3016 7010 14 2 2 2 2 4497 14 14 2 2 14 114 161 50076 2 2 161 3543 14 2 44 2872 114 51847 13289 114 6512 14 2872 114 3181 1354 14 114 6364 7931 64182 14 2 14 2 14 2 14 6364 2201 2 2 10323 2 194 114 2 1207 14 11713
14 14 4656 2 2411 1780 2 3543 5289 14 2 2 27073 6364 2 2 14 1713 114 2490 6364 1101 2 2 2 14 2 10505 114 9653 2 114 646 3016 7010 14 2 2 2 2 4497 14 14 2 2 14 114 161 57770 2 2 161 194 14 2 14 2872 114 51847 13289 114 6512 14 2872 114 3181 6006 14 114 6364 114 3543 14 2 14 2 14 2 14 6364 2201 2 2 10323 2 194 114 2 1207 6512 11713
20451 14 4656 2 2411 1780 2 3543 5289 14 2 2 27073 6364 2 2 14 1713 114 2490 6364 1101 2 2 2 14 2 10505 114 14 2 114 646 3016 7010 14 2 2 2 2 4497 14 14 2 2 14 114 161 57770 2 2 161 3543 14 2 14 14 114 51847 13289 114 6512 14 2872 114 3181 6006 14 114 6364 7931 3543 14 2 14 2 14 2 14 6364 2201 2 2 10323 2 3543 114 2 1207 14 2986
20451 14 4656 2 2411 1780 2 3543 5289 14 2 2 27073 6364 2 2 194 1713 114 2490 6364 1101 2 2 2 14 2 10505 114 14 2 114 646 3016 7010 14 2 2 2 2 4497 14 14 2 2 14 114 161 57770 2 2 161 194 14 2 14 2872 114 51847 13289 114 6512 14 2872 114 3181 6006 14 114 6364 114 3543 14 2 14 2 14 2 14 6364 2201 2 2 10323 2 3543 114 2 1207 14 2986
20451 14 4656 2 2411 1780 2 3543 5289 14 2 2 27073 6364 2 2 194 1713 114 2490 6364 1101 2 2 2 14 2 10505 114 7931 2 114 646 3016 7010 14 2 2 2 2 194 14 14 2 2 14 114 161 57770 2 2 161 3543 14 2 14 2872 114 51847 13289 114 6512 14 2872 114 3181 6006 14 114 14 7931 3543 6364 2 14 2 14 2 14 6364 2201 2 2 10323 2 3543 114 2 1207 14844 2986
20451 14 4656 2 2411 1780 2 3543 5289 14 2 2 27073 6364 2 2 194 14 114 2490 6364 1101 2 2 2 14 2 10505 114 7931 2 114 646 3016 7010 14 2 2 2 2 16470 14 14 2 2 14 114 161 57770 2 2 161 194 14 2 14 2872 114 51847 13289 114 6512 14 2872 114 3181 6006 14 114 6364 114 3543 14 2 14 2 14 2 14 6364 2201 2 2 10323 2 3543 114 2 1207 14844 2986
20451 14 4656 2 2411 1780 2 3543 5289 14 2 2 27073 6364 2 2 8984 14 114 2490 6364 1101 2 2 2 14 2 14 114 7931 2 114 646 3016 7010 14 2 2 2 2 16470 14 14 2 2 14 114 161 57770 2 2 161 3543 14 2 14 14 114 51847 13289 114 6512 14 2872 114 3181 6006 14 114 6364 7931 3543 14 2 14 2 14 2 511 6364 2201 2 2 10323 2 194 114 2 1207 14844 2986
20451 14 4656 2 2411 1780 2 3543 5289 14 2 2 8964 6364 2 2 8984 14 114 2490 6364 1101 2 2 2 14 2 14 114 7931 2 114 646 3016 7010 14 2 2 2 2 16470 14 14 2 2 14 114 161 57770 2 2 161 194 14 2 14 14 114 51847 13289 114 6512 14 2872 114 3181 6006 2986 114 6364 114 3543 14 2 14 2 14 2 511 6364 2201 2 2 10323 2 6364 114 2 1207 14844 2986
20451 14 4656 2 2411 1780 2 3595 7626 14 2 2 14 6364 2 2 8984 14 114 2490 6364 1101 2 2 2 14 2 14 114 7931 2 114 646 3016 7010 14 2 2 2 2 16470 14 14 2 2 14 14 161 57770 2 2 161 3543 14 2 14 2872 114 51847 13289 114 6512 14 2872 114 3181 6006 2986 114 6364 194 3543 14 2 14 2 14 2 511 6364 2201 2 2 10323 2 6364 114 2 1207 14844 2986
20451 14 4656 2 2411 1780 2 1168 14 14 2 2 893 6364 2 2 8984 14 114 2490 6364 1101 2 2 2 14 2 14 114 7931 2 114 646 3016 7010 14 2 2 2 2 16470 14 14 2 2 14 14 161 57770 2 2 161 194 14 2 2528 2872 114 51847 13289 114 6512 14 2872 114 3181 6006 2986 114 6364 194 3543 14 2 14 2 14 2 511 6364 2201 2 2 10323 2 194 114 2 1207 14 2986
20451 14 4656 2 2411 1780 2 812 14 14 2 2 893 6364 2 2 8984 14 114 2490 6364 1101 2 2 2 14 2 14 114 7931 2 114 14 3016 7010 14 2 2 2 2 16470 14 14 2 2 14 14 161 57770 2 2 161 3543 14 2 2528 2872 114 51847 13289 114 6512 14 2872 114 3181 6006 2986 114 6364 194 3543 14 2 14 2 14 2 511 30 2201 2 2 10323 2 6364 114 2 1207 14 2986
1 1 1 1 1 1 1 1 1 1 1 1 1 1 1 1 1 1 1 1 1 1 1 1 1 1 1 1 1 1 1 1 1 1 1 1 1 1 1 1 1 1 1 1 1 1 1 1 1 1 1 1 1 1 1 1 1 1 1 1 1 1 1 1 1 1 1 1 1 1 1 1 1 1 1 1 1 1 1 1 1 1 1 1 1 1 1 1 1 1 1
